//ID,TYPE,PHYSICAL-0/SPECIAL-1,HIGH CRIT CHANCE (0-no/1-yes),NAME,POWER,ACCURACY,ATK,DEF,SPATK,SPDEF,SPD,ACCURACY,EVASION
//Normal
0,0,0,0,Strength,80,100,0,0,0,0,0,0,0,0,0,0,0,0,0,0
1,0,0,1,Slash,70,100,0,0,0,0,0,0,0,0,0,0,0,0,0,0
2,0,1,0,Minimize,0,90,0,0,0,0,0,0,2,0,0,0,0,0,0,0
3,0,1,0,Swords Dance,0,95,2,0,0,0,0,0,0,0,0,0,0,0,0,0
4,0,1,0,Shell Smash,0,95,2,-1,2,-1,2,0,0,0,0,0,0,0,0,0
//Fire
5,9,0,0,V-Create,180,95,0,-1,0,-1,-1,0,0,0,0,0,0,0,0,0
6,9,0,1,Blaze Kick,85,90,0,0,0,0,0,0,0,0,0,0,0,0,0,0
7,9,1,0,Flamethrower,90,100,0,0,0,0,0,0,0,0,0,0,0,0,0,0
8,9,1,0,Fire Blast,110,80,0,0,0,0,0,0,0,0,0,0,0,0,0,0
//Water
9,10,0,0,Waterfall,80,100,0,0,0,0,0,0,0,0,0,0,0,0,0,0
10,10,0,1,Crabhammer,100,90,0,0,0,0,0,0,0,0,0,0,0,0,0,0
11,10,1,0,Surf,90,100,0,0,0,0,0,0,0,0,0,0,0,0,0,0
12,10,1,0,Hydro Pump,110,80,0,0,0,0,0,0,0,0,0,0,0,0,0,0
//Electric
13,12,0,0,Thunder Punch,75,100,0,0,0,0,0,0,0,0,0,0,0,0,0,0
14,12,1,0,Thunderbolt,90,100,0,0,0,0,0,0,0,0,0,0,0,0,0,0
15,12,1,0,Thunder,110,80,0,0,0,0,0,0,0,0,0,0,0,0,0,0
16,12,1,0,Charge Beam,50,90,0,0,1,0,0,0,0,0,0,0,0,0,0,0
//Grass
17,11,0,0,Seed Bomb,80,100,0,0,0,0,0,0,0,0,0,0,0,0,0,0
18,11,0,1,Leaf Blade,90,100,0,0,0,0,0,0,0,0,0,0,0,0,0,0
19,11,1,0,Leaf Storm,130,90,0,0,-2,0,0,0,0,0,0,0,0,0,0,0
20,11,1,0,Energy Ball,90,100,0,0,0,0,0,0,0,0,0,0,0,0,0,0
21,11,1,0,Cotton Guard,0,95,0,3,0,0,0,0,0,0,0,0,0,0,0,0
//Ice
22,14,0,0,Ice Punch,75,100,0,0,0,0,0,0,0,0,0,0,0,0,0,0
23,14,0,0,Ice Hammer,100,90,0,0,0,0,-1,0,0,0,0,0,0,0,0,0
24,14,1,0,Ice Beam,90,100,0,0,0,0,0,0,0,0,0,0,0,0,0,0
25,14,1,0,Blizzard,110,80,0,0,0,0,0,0,0,0,0,0,0,0,0,0
//Fighting
26,1,0,0,Close Combat,120,100,0,-1,0,-1,0,0,0,0,0,0,0,0,0,0
27,1,0,0,Hammer Arm,100,90,0,0,0,0,-1,0,0,0,0,0,0,0,0,0
28,1,0,1,Cross Chop,100,80,0,0,0,0,0,0,0,0,0,0,0,0,0,0
29,1,1,0,Bulk Up,0,95,1,1,0,0,0,0,0,0,0,0,0,0,0,0
//Poison
30,3,0,0,Gunk Shot,120,80,0,0,0,0,0,0,0,0,0,0,0,0,0,0
31,3,0,1,Cross Poison,70,100,0,0,0,0,0,0,0,0,0,0,0,0,0,0
32,3,1,0,Sludge Bomb,90,100,0,0,0,0,0,0,0,0,0,0,0,0,0,0
33,3,1,0,Acid Armor,0,95,0,2,0,0,0,0,0,0,0,0,0,0,0,0
34,3,1,0,Coil,0,95,1,1,0,0,0,1,0,0,0,0,0,0,0,0
//Ground
35,4,0,0,Earthquake,100,100,0,0,0,0,0,0,0,0,0,0,0,0,0,0
36,4,0,0,Fissure,300,30,0,0,0,0,0,0,0,0,0,0,0,0,0,0
37,4,0,1,Drill Run,80,95,0,0,0,0,0,0,0,0,0,0,0,0,0,0
38,4,1,0,Earth Power,90,100,0,0,0,0,0,0,0,0,0,0,0,0,0,0
//Flying
39,2,0,0,Dragon Ascent,120,100,0,-1,0,-1,0,0,0,0,0,0,0,0,0,0
40,2,0,0,Sky Attack,130,85,0,0,0,0,0,0,0,0,0,0,0,0,0,0
41,2,1,0,Feather Dance,0,95,0,0,0,0,0,0,0,-2,0,0,0,0,0,0
42,2,1,1,Aeroblast,100,95,0,0,0,0,0,0,0,0,0,0,0,0,0,0
//Psychic
43,13,0,1,Psycho Cut,70,100,0,0,0,0,0,0,0,0,0,0,0,0,0,0
44,13,1,0,Psychic,90,100,0,0,0,0,0,0,0,0,0,0,-1,0,0,0
45,13,1,0,Pyscho Boost,140,90,0,0,-2,0,0,0,0,0,0,0,0,0,0,0
46,13,1,0,Calm Mind,0,95,0,0,1,1,0,0,0,0,0,0,0,0,0,0
47,13,1,0,Agility,0,95,0,0,0,0,2,0,0,0,0,0,0,0,0,0
//Bug
48,6,0,0,Megahorn,120,85,0,0,0,0,0,0,0,0,0,0,0,0,0,0
49,6,0,1,Attack Order,90,100,0,0,0,0,0,0,0,0,0,0,0,0,0,0
50,6,1,0,Bug Buzz,90,100,0,0,0,0,0,0,0,0,0,0,-1,0,0,0
51,6,1,0,Defend Order,0,95,0,1,0,1,0,0,0,0,0,0,0,0,0,0
//Rock
52,5,0,0,Diamond Storm,100,95,0,1,0,0,0,0,0,0,0,0,0,0,0,0
53,5,0,0,Head Smash,150,80,-2,0,0,0,0,0,0,0,0,0,0,0,0,0
54,5,0,1,Stone Edge,100,80,0,0,0,0,0,0,0,0,0,0,0,0,0,0
55,5,1,0,Power Gem,80,100,0,0,0,0,0,0,0,0,0,0,0,0,0,0
//Ghost
56,7,0,0,Shadow Bone,85,100,0,0,0,0,0,0,0,0,-1,0,0,0,0,0
57,7,0,1,Shadow Claw,70,100,0,0,0,0,0,0,0,0,0,0,0,0,0,0
58,7,1,0,Shadow Ball,80,100,0,0,0,0,0,0,0,0,0,0,-1,0,0,0
59,7,1,0,Curse,0,95,1,1,0,0,-1,0,0,0,0,0,0,0,0,0
//Dragon
60,15,0,0,Dragon Claw,80,100,0,0,0,0,0,0,0,0,0,0,0,0,0,0
61,15,1,0,Clanging Scales,110,100,0,-1,0,0,0,0,0,0,0,0,0,0,0,0
62,15,1,0,Draco Meteor,130,90,0,0,-2,0,0,0,0,0,0,0,0,0,0,0
63,15,1,1,Spacial Rend,100,95,0,0,0,0,0,0,0,0,0,0,0,0,0,0
64,15,1,0,Dragon Dance,0,95,1,0,0,0,1,0,0,0,0,0,0,0,0,0
//Dark
65,16,0,0,Crunch,80,100,0,0,0,0,0,0,0,0,-1,0,0,0,0,0
66,16,0,1,Night Slash,70,100,0,0,0,0,0,0,0,0,0,0,0,0,0,0
67,16,1,0,Night Daze,85,95,0,0,0,0,0,0,0,0,0,0,0,0,-1,0
68,16,1,0,Hone Claws,0,95,1,0,0,0,0,1,0,0,0,0,0,0,0,0
69,16,1,0,Nasty Plot,0,95,0,0,2,0,0,0,0,0,0,0,0,0,0,0
//Steel
70,8,0,0,Anchor Shot,80,100,0,0,0,0,0,0,0,0,0,0,0,0,0,0
71,8,0,0,Meteor Mash,90,90,1,0,0,0,0,0,0,0,0,0,0,0,0,0
72,8,1,0,Flash Cannon,80,100,0,0,0,0,0,0,0,0,0,0,-1,0,0,0
73,8,1,0,Iron Defense,0,95,0,2,0,0,0,0,0,0,0,0,0,0,0,0
//Update1
74,13,1,0,Cosmic Power,0,95,0,1,0,1,0,0,0,0,0,0,0,0,0,0
75,1,0,0,Power-Up Punch,40,100,2,0,0,0,0,0,0,0,0,0,0,0,0,0
76,0,1,0,Hyper Beam,150,90,0,0,0,0,-1,0,0,0,0,0,0,0,0,0
77,16,1,0,Dark Pulse,80,100,0,0,0,0,0,0,0,0,0,0,0,-1,0,0
78,0,0,0,Giga Impact,150,90,0,0,0,0,-1,0,0,0,0,0,0,0,0,0
79,0,1,0,Sweet Scent,0,100,0,0,0,0,0,0,0,0,0,0,0,0,0,-2